-126.954337,50.478645
-127.015530,50.529321
-126.786437,50.485186
-126.847460,50.535955
-126.641662,50.437517
-127.106194,50.313154
-127.167322,50.363753
-126.938902,50.319898
-126.999863,50.370589
-126.771558,50.326403
-126.832351,50.377186
-126.604165,50.332669
-126.664789,50.383543
-126.460043,50.284757
-127.423670,50.140313
-127.484896,50.190742
-127.257035,50.147494
-127.318097,50.198016
-127.090346,50.154437
-127.151243,50.205051
-126.923605,50.161144
-126.984336,50.211849
-126.756812,50.167612
-126.817377,50.218410
-126.589972,50.173843
-126.650369,50.224731
-126.423084,50.179835
-126.483313,50.230815
-126.256151,50.185589
-126.316211,50.236659
-126.112823,50.137228
-127.572908,49.974290
-127.634064,50.024644
-127.406873,49.981667
-127.467867,50.032113
-127.240783,49.988807
-127.301614,50.039345
-127.074639,49.995712
-127.135307,50.046342
-126.908443,50.002381
-126.968947,50.053102
-126.742198,50.008814
-126.802536,50.059626
-126.575904,50.015010
-126.636077,50.065912
-126.409564,50.020969
-126.469570,50.071961
-126.243180,50.026691
-126.303018,50.077773
-126.076753,50.032175
-126.136422,50.083347
-125.934068,49.983578
-127.555721,49.815677
-127.616646,49.866047
-127.390225,49.823012
-127.450989,49.873474
-127.224674,49.830113
-127.285277,49.880667
-127.059071,49.836980
-127.119512,49.887624
-126.893417,49.843611
-126.953694,49.894347
-126.727713,49.850008
-126.787827,49.900834
-126.561962,49.856169
-126.621911,49.907085
-126.396165,49.862095
-126.455949,49.913101
-126.230325,49.867785
-126.289942,49.918880
-126.064442,49.873239
-126.123892,49.924423
-125.898518,49.878457
-125.957801,49.929730
-125.756471,49.829627
-127.816474,49.670806
-127.703592,49.649527
-127.764446,49.699823
-127.538686,49.657055
-127.599381,49.707442
-127.373724,49.664349
-127.434260,49.714828
-127.208708,49.671410
-127.269085,49.721980
-127.043641,49.678239
-127.103857,49.728899
-126.878523,49.684834
-126.938577,49.735584
-126.713357,49.691195
-126.773248,49.742035
-126.548143,49.697322
-126.607872,49.748252
-126.382885,49.703214
-126.442449,49.754234
-126.217583,49.708873
-126.276983,49.759981
-126.052240,49.714296
-126.111474,49.765493
-125.886856,49.719485
-125.945924,49.770770
-125.721435,49.724439
-125.780335,49.775811
-125.580020,49.675378
-124.728202,49.749212
-124.786085,49.801104
-124.562563,49.752515
-124.620273,49.804491
-124.396900,49.755582
-124.454437,49.807643
-124.256733,49.704892
-127.686178,49.490938
-127.746804,49.541251
-127.521800,49.498424
-127.582269,49.548828
-127.357368,49.505678
-127.417679,49.556172
-127.192883,49.512700
-127.253036,49.563285
-127.028347,49.519490
-127.088340,49.570165
-126.863761,49.526048
-126.923593,49.576813
-126.699127,49.532374
-126.758798,49.583228
-126.534447,49.538467
-126.593956,49.589410
-126.369722,49.544327
-126.429069,49.595359
-126.204954,49.549954
-126.264138,49.601074
-126.040145,49.555347
-126.099165,49.606556
-125.875297,49.560507
-125.934152,49.611803
-125.710412,49.565433
-125.769100,49.616816
-125.545490,49.570125
-125.604012,49.621595
-125.380534,49.574583
-125.438889,49.626140
-125.215546,49.578806
-125.273733,49.630449
-125.050527,49.582795
-125.108545,49.634524
-124.885479,49.586549
-124.943328,49.638363
-124.720403,49.590068
-124.778083,49.641968
-124.555303,49.593353
-124.612812,49.645337
-124.390178,49.596402
-124.447516,49.648470
-124.225032,49.599216
-124.282197,49.651368
-124.059865,49.601795
-124.116858,49.654030
-123.894680,49.604138
-123.951500,49.656457
-123.755472,49.552832
-127.668916,49.332340
-127.729317,49.382670
-127.505064,49.339784
-127.565308,49.390205
-127.341157,49.346998
-127.401244,49.397508
-127.177197,49.353981
-127.237128,49.404582
-127.013187,49.360733
-127.072960,49.411424
-126.849129,49.367255
-126.908742,49.418035
-126.685022,49.373546
-126.744476,49.424414
-126.520870,49.379605
-126.580163,49.430562
-126.356675,49.385432
-126.415806,49.436477
-126.192437,49.391028
-126.251406,49.442161
-126.028158,49.396391
-126.086965,49.447612
-125.863840,49.401522
-125.922484,49.452830
-125.699486,49.406421
-125.757965,49.457815
-125.535096,49.411087
-125.593410,49.462568
-125.370672,49.415520
-125.428820,49.467087
-125.206216,49.419719
-125.264198,49.471372
-125.041730,49.423686
-125.099544,49.475424
-124.877215,49.427419
-124.934862,49.479242
-124.712673,49.430919
-124.770152,49.482827
-124.548107,49.434185
-124.605416,49.486177
-124.383516,49.437217
-124.440656,49.489293
-124.218905,49.440016
-124.275873,49.492175
-124.054273,49.442580
-124.111070,49.494822
-123.889623,49.444910
-123.946248,49.497235
-123.724957,49.447006
-123.781409,49.499413
-123.560276,49.448868
-123.616555,49.501356
-123.395582,49.450495
-123.451687,49.503065
-123.230876,49.451888
-123.286807,49.504538
-123.092796,49.399778
-127.600181,49.202664
-127.488474,49.181136
-127.548495,49.231573
-127.325087,49.188310
-127.384954,49.238836
-127.161649,49.195254
-127.221359,49.245870
-126.998161,49.201969
-127.057715,49.252674
-126.834625,49.208455
-126.894021,49.259249
-126.671042,49.214710
-126.730279,49.265593
-126.507414,49.220735
-126.566492,49.271706
-126.343742,49.226531
-126.402660,49.277589
-126.180029,49.232095
-126.238786,49.283241
-126.016276,49.237429
-126.074872,49.288661
-125.852484,49.242531
-125.910918,49.293851
-125.688656,49.247402
-125.746927,49.298808
-125.524793,49.252042
-125.582900,49.303534
-125.360896,49.256451
-125.418839,49.308028
-125.196968,49.260627
-125.254746,49.312290
-125.033010,49.264572
-125.090623,49.316319
-124.869024,49.268284
-124.926470,49.320116
-124.705011,49.271765
-124.762290,49.323680
-124.540974,49.275012
-124.598085,49.327012
-124.376913,49.278028
-124.433856,49.330110
-124.212831,49.280811
-124.269605,49.332976
-124.048730,49.283361
-124.105333,49.335609
-123.884610,49.285678
-123.941043,49.338008
-123.720474,49.287762
-123.776737,49.340174
-123.556324,49.289613
-123.612415,49.342106
-123.392161,49.291232
-123.448079,49.343806
-123.227987,49.292617
-123.283732,49.345271
-123.063803,49.293769
-123.119375,49.346503
-122.899612,49.294687
-122.955009,49.347501
-122.735415,49.295373
-122.790637,49.348266
-122.598298,49.242668
-127.472029,49.022479
-127.531830,49.072933
-127.309158,49.029613
-127.368805,49.080156
-127.146237,49.036519
-127.205729,49.087151
-126.983266,49.043197
-127.042603,49.093917
-126.820248,49.049646
-126.879428,49.100455
-126.657184,49.055867
-126.716207,49.106764
-126.494075,49.061859
-126.552940,49.112843
-126.330923,49.067622
-126.389630,49.118693
-126.167730,49.073156
-126.226278,49.124314
-126.004498,49.078459
-126.062885,49.129704
-125.841228,49.083534
-125.899454,49.134865
-125.677921,49.088378
-125.735986,49.139795
-125.514580,49.092992
-125.572483,49.144494
-125.351207,49.097376
-125.408946,49.148963
-125.187802,49.101529
-125.245378,49.153201
-125.024367,49.105452
-125.081779,49.157208
-124.860905,49.109144
-124.918152,49.160984
-124.697417,49.112605
-124.754498,49.164528
-124.533904,49.115834
-124.590819,49.167841
-124.370368,49.118833
-124.427116,49.170923
-124.206812,49.121600
-124.263392,49.173773
-124.043235,49.124136
-124.099647,49.176390
-123.879642,49.126440
-123.935884,49.178776
-123.716032,49.128513
-123.772105,49.180930
-123.552407,49.130354
-123.608310,49.182852
-123.388771,49.131963
-123.444503,49.184542
-123.225123,49.133341
-123.280683,49.185999
-123.061466,49.134486
-123.116854,49.187224
-122.897801,49.135400
-122.953017,49.188217
-122.734131,49.136081
-122.789173,49.188977
-122.570456,49.136531
-122.625325,49.189505
-122.406779,49.136748
-122.461473,49.189800
-122.243101,49.136734
-122.297621,49.189863
-122.106948,49.083446
-127.404292,48.892651
-127.293368,48.870908
-127.352798,48.921467
-127.130959,48.877776
-127.190236,48.928423
-126.968502,48.884417
-127.027624,48.935152
-126.805997,48.890831
-126.864964,48.941654
-126.643447,48.897017
-126.702258,48.947927
-126.480852,48.902976
-126.539507,48.953973
-126.318216,48.908707
-126.376713,48.959791
-126.155539,48.914209
-126.213878,48.965380
-125.992823,48.919484
-126.051003,48.970740
-125.830070,48.924530
-125.888091,48.975872
-125.667281,48.929347
-125.725141,48.980775
-125.504458,48.933936
-125.562157,48.985448
-125.341602,48.938295
-125.399140,48.989892
-125.178716,48.942426
-125.236092,48.994107
-125.015800,48.946326
-125.073013,48.998092
-124.852857,48.949998
-124.909907,49.001846
-124.689889,48.953439
-124.746774,49.005371
-124.526896,48.956651
-124.583616,49.008666
-124.363881,48.959633
-124.420435,49.011730
-124.200844,48.962385
-124.257233,49.014564
-124.037789,48.964907
-124.094011,49.017167
-123.874716,48.967198
-123.930770,49.019540
-123.711628,48.969259
-123.767514,49.021682
-123.548525,48.971090
-123.604242,49.023593
-123.385410,48.972690
-123.440958,49.025273
-123.222284,48.974060
-123.277662,49.026722
-123.059149,48.975199
-123.114356,49.027941
-122.896006,48.976108
-122.951042,49.028928
-122.732858,48.976785
-122.787722,49.029684
-122.569706,48.977232
-122.624397,49.030209
-122.406551,48.977449
-122.461070,49.030503
-122.243395,48.977434
-122.297741,49.030565
-122.080241,48.977189
-122.134412,49.030397
-121.944695,48.923709
-127.277716,48.712196
-127.336931,48.762770
-127.115815,48.719025
-127.174877,48.769687
-126.953866,48.725629
-127.012775,48.776379
-126.791870,48.732007
-126.850625,48.782845
-126.629829,48.738160
-126.688430,48.789084
-126.467745,48.744085
-126.526191,48.795096
-126.305620,48.749784
-126.363909,48.800881
-126.143454,48.755257
-126.201587,48.806439
-125.981250,48.760502
-126.039225,48.811770
-125.819009,48.765520
-125.876826,48.816874
-125.656733,48.770311
-125.714391,48.821749
-125.494423,48.774874
-125.551922,48.826397
-125.332081,48.779209
-125.389420,48.830816
-125.169709,48.783316
-125.226887,48.835007
-125.007308,48.787195
-125.064324,48.838970
-124.844880,48.790846
-124.901734,48.842704
-124.682427,48.794269
-124.739118,48.846209
-124.519949,48.797463
-124.576477,48.849485
-124.357450,48.800428
-124.413813,48.852532
-124.194930,48.803165
-124.251128,48.855350
-124.032391,48.805673
-124.088424,48.857939
-123.869834,48.807951
-123.925701,48.860299
-123.707263,48.810001
-123.762963,48.862429
-123.544677,48.811822
-123.600210,48.864329
-123.382079,48.813413
-123.437444,48.866000
-123.219470,48.814775
-123.274666,48.867441
-123.056852,48.815908
-123.111880,48.868653
-122.894227,48.816811
-122.949085,48.869634
-122.731596,48.817485
-122.786284,48.870386
-122.568961,48.817930
-122.623478,48.870908
-122.406324,48.818145
-122.460669,48.871200
-122.243686,48.818131
-122.297860,48.871263
-122.081049,48.817887
-122.135050,48.871095
-121.918415,48.817413
-121.972242,48.870698
-121.783472,48.763744
-127.049457,48.588943
-126.939357,48.566834
-126.998055,48.617598
-126.777866,48.573177
-126.836412,48.624028
-126.616331,48.579295
-126.674723,48.630232
-126.454752,48.585188
-126.512991,48.636211
-126.293133,48.590855
-126.351217,48.641965
-126.131475,48.596297
-126.189403,48.647492
-125.969778,48.601513
-126.027550,48.652793
-125.808045,48.606504
-125.865660,48.657868
-125.646277,48.611268
-125.703735,48.662717
-125.484476,48.615805
-125.541776,48.667339
-125.322643,48.620117
-125.379784,48.671733
-125.160781,48.624201
-125.217762,48.675901
-124.998890,48.628059
-125.055711,48.679842
-124.836972,48.631689
-124.893632,48.683555
-124.675029,48.635093
-124.731528,48.687041
-124.513063,48.638269
-124.569400,48.690299
-124.351075,48.641218
-124.407249,48.693329
-124.189066,48.643940
-124.245077,48.696132
-124.027039,48.646433
-124.082885,48.698706
-123.864995,48.648700
-123.920677,48.701053
-123.702935,48.650738
-123.758452,48.703171
-123.540862,48.652548
-123.596213,48.705061
-123.378776,48.654131
-123.433961,48.706722
-123.216680,48.655485
-123.271697,48.708155
-123.054576,48.656612
-123.109425,48.709360
-122.892463,48.657510
-122.947144,48.710336
-122.730346,48.658180
-122.784858,48.711084
-122.568224,48.658623
-122.622567,48.711603
-122.406100,48.658836
-122.460273,48.711894
-122.243975,48.658822
-122.297977,48.711956
-122.081851,48.658580
-122.135683,48.711789
-121.919730,48.658109
-121.973390,48.711394
-121.757613,48.657410
-121.811100,48.710770
-121.623267,48.603554
-126.873676,48.436628
-126.763983,48.414339
-126.822321,48.465204
-126.602949,48.420423
-126.661135,48.471374
-126.441872,48.426283
-126.499906,48.477320
-126.280755,48.431919
-126.338635,48.483041
-126.119599,48.437331
-126.177325,48.488538
-125.958405,48.442518
-126.015976,48.493810
-125.797176,48.447481
-125.854591,48.498857
-125.635912,48.452219
-125.693171,48.503679
-125.474615,48.456731
-125.531718,48.508275
-125.313288,48.461019
-125.370232,48.512645
-125.151930,48.465080
-125.208717,48.516790
-124.990545,48.468917
-125.047173,48.520709
-124.829133,48.472527
-124.885601,48.524401
-124.667697,48.475912
-124.724005,48.527868
-124.506237,48.479071
-124.562384,48.531108
-124.344755,48.482003
-124.400741,48.534121
-124.183254,48.484709
-124.239078,48.536908
-124.021734,48.487189
-124.077395,48.539468
-123.860198,48.489443
-123.915696,48.541802
-123.698646,48.491470
-123.753980,48.543908
-123.537080,48.493270
-123.592250,48.545788
-123.375503,48.494844
-123.430508,48.547440
-123.213915,48.496191
-123.268754,48.548865
-123.052319,48.497311
-123.106992,48.550063
-122.890715,48.498205
-122.945221,48.551034
-122.729106,48.498871
-122.783445,48.551777
-122.567493,48.499311
-122.621663,48.552294
-122.405877,48.499524
-122.459880,48.552583
-122.244261,48.499509
-122.298094,48.552644
-122.082646,48.499268
-122.136310,48.552478
-121.921033,48.498800
-121.974527,48.552085
-121.759424,48.498105
-121.812747,48.551465
-121.597821,48.497184
-121.650974,48.550617
-121.464067,48.443143
-126.698971,48.284011
-126.589683,48.261544
-126.647664,48.312508
-126.429104,48.267372
-126.486934,48.318421
-126.268484,48.272977
-126.326162,48.324111
-126.107826,48.278358
-126.165351,48.329578
-125.947131,48.283517
-126.004503,48.334820
-125.786401,48.288452
-125.843618,48.339839
-125.625637,48.293164
-125.682699,48.344634
-125.464840,48.297651
-125.521747,48.349205
-125.304013,48.301915
-125.360763,48.353551
-125.143156,48.305954
-125.199750,48.357673
-124.982272,48.309769
-125.038708,48.361570
-124.821362,48.313360
-124.877640,48.365242
-124.660427,48.316726
-124.716547,48.368689
-124.499470,48.319867
-124.555430,48.371911
-124.338491,48.322783
-124.394291,48.374908
-124.177492,48.325474
-124.233131,48.377680
-124.016475,48.327941
-124.071953,48.380225
-123.855442,48.330182
-123.910758,48.382546
-123.694394,48.332197
-123.749547,48.384641
-123.533332,48.333988
-123.588322,48.386510
-123.372258,48.335553
-123.427085,48.388153
-123.211174,48.336892
-123.265837,48.389570
-123.050082,48.338006
-123.104579,48.390762
-122.888982,48.338895
-122.943314,48.391727
-122.727877,48.339557
-122.782043,48.392466
-122.566768,48.339995
-122.620768,48.392980
-122.405657,48.340206
-122.459490,48.393267
-122.244545,48.340192
-122.298210,48.393328
-122.083434,48.339952
-122.136931,48.393163
-121.922325,48.339487
-121.975654,48.392772
-121.761220,48.338796
-121.814380,48.392156
-121.600122,48.337879
-121.653112,48.391313
-121.439030,48.336737
-121.491850,48.390244
-121.305862,48.282515
-126.525331,48.131097
-126.416445,48.108453
-126.474074,48.159516
-126.256319,48.114027
-126.313797,48.165174
-126.096155,48.119379
-126.153481,48.170610
-125.935955,48.124509
-125.993128,48.175824
-125.775719,48.129417
-125.832740,48.180815
-125.615450,48.134102
-125.672318,48.185584
-125.455150,48.138565
-125.511862,48.190129
-125.294818,48.142805
-125.351376,48.194451
-125.134459,48.146822
-125.190861,48.198550
-124.974071,48.150616
-125.030317,48.202425
-124.813658,48.154187
-124.869748,48.206077
-124.653221,48.157534
-124.709153,48.209505
-124.492761,48.160658
-124.548535,48.212710
-124.332281,48.163558
-124.387896,48.215690
-124.171780,48.166234
-124.227236,48.218446
-124.011262,48.168687
-124.066558,48.220978
-123.850728,48.170915
-123.905863,48.223285
-123.690178,48.172920
-123.745153,48.225368
-123.529616,48.174700
-123.584428,48.227227
-123.369041,48.176257
-123.423692,48.228861
-123.208457,48.177589
-123.262944,48.230271
-123.047864,48.178697
-123.102188,48.231455
-122.887264,48.179580
-122.941424,48.232415
-122.726659,48.180239
-122.780654,48.233151
-122.566049,48.180674
-122.619880,48.233661
-122.405438,48.180884
-122.459103,48.233947
-122.244826,48.180870
-122.298325,48.234008
-122.084215,48.180632
-122.137547,48.233844
-121.923606,48.180169
-121.976771,48.233455
-121.763001,48.179482
-121.815999,48.232842
-121.602402,48.178570
-121.655232,48.232003
-121.441810,48.177435
-121.494471,48.230940
-121.281227,48.176074
-121.333719,48.229653
-126.403896,47.949528
-126.461325,48.000603
-126.244259,47.955071
-126.301538,48.006230
-126.084585,47.960393
-126.141714,48.011636
-125.924875,47.965495
-125.981852,48.016821
-125.765130,47.970376
-125.821956,48.021785
-125.605352,47.975035
-125.662026,48.026527
-125.445543,47.979473
-125.502063,48.031047
-125.285703,47.983690
-125.342071,48.035345
-125.125836,47.987684
-125.182049,48.039422
-124.965941,47.991457
-125.021999,48.043276
-124.806021,47.995008
-124.861923,48.046907
-124.646077,47.998337
-124.701823,48.050316
-124.486111,48.001443
-124.541701,48.053503
-124.326124,48.004327
-124.381556,48.056466
-124.166118,48.006989
-124.221392,48.059207
-124.006094,48.009428
-124.061210,48.061725
-123.846054,48.011644
-123.901010,48.064020
-123.685999,48.013638
-123.740796,48.066091
-123.525931,48.015408
-123.580568,48.067940
-123.365852,48.016956
-123.420328,48.069565
-123.205763,48.018281
-123.260077,48.070966
-123.045665,48.019383
-123.099818,48.072145
-122.885561,48.020261
-122.939550,48.073099
-122.725451,48.020917
-122.779277,48.073831
-122.565337,48.021349
-122.619000,48.074338
-122.405221,48.021558
-122.458720,48.074622
-122.245105,48.021544
-122.298439,48.074683
-122.084989,48.021307
-122.138158,48.074520
-121.924876,48.020847
-121.977879,48.074133
-121.764766,48.020164
-121.817604,48.073523
-121.604662,48.019257
-121.657333,48.072690
-121.444566,48.018127
-121.497069,48.071632
-121.284478,48.016775
-121.336814,48.070352
-126.340447,47.818948
-126.232303,47.796108
-126.289385,47.847280
-126.073114,47.801401
-126.130047,47.852656
-125.913890,47.806474
-125.970673,47.857812
-125.754631,47.811328
-125.811265,47.862748
-125.595340,47.815962
-125.651823,47.867464
-125.436018,47.820375
-125.492349,47.871959
-125.276667,47.824568
-125.332845,47.876234
-125.117287,47.828541
-125.173312,47.880287
-124.957881,47.832293
-125.013752,47.884120
-124.798450,47.835824
-124.854167,47.887732
-124.638995,47.839135
-124.694557,47.891122
-124.479518,47.842224
-124.534925,47.894291
-124.320021,47.845092
-124.375271,47.897238
-124.160504,47.847739
-124.215598,47.899964
-124.000970,47.850164
-124.055907,47.902468
-123.841420,47.852368
-123.896200,47.904750
-123.681856,47.854351
-123.736477,47.906810
-123.522279,47.856112
-123.576741,47.908648
-123.362691,47.857651
-123.416993,47.910264
-123.203092,47.858968
-123.257235,47.911658
-123.043486,47.860064
-123.097467,47.912829
-122.883872,47.860938
-122.937693,47.913779
-122.724253,47.861589
-122.777912,47.914506
-122.564631,47.862019
-122.618128,47.915011
-122.405006,47.862227
-122.458340,47.915293
-122.245381,47.862214
-122.298552,47.915354
-122.085756,47.861978
-122.138764,47.915192
-121.926134,47.861520
-121.978977,47.914807
-121.766516,47.860841
-121.819194,47.914200
-121.606903,47.859939
-121.659416,47.913371
-121.447298,47.858816
-121.499645,47.912320
-121.313778,47.884261
-126.220449,47.637138
-126.277337,47.688322
-126.061742,47.642402
-126.118481,47.693669
-125.902999,47.647448
-125.959590,47.698797
-125.744223,47.652274
-125.800665,47.703705
-125.585415,47.656882
-125.641707,47.708395
-125.426576,47.661272
-125.482718,47.712865
-125.267708,47.665442
-125.323698,47.717116
-125.108812,47.669392
-125.164651,47.721148
-124.949890,47.673124
-125.005577,47.724959
-124.790943,47.676635
-124.846477,47.728551
-124.631973,47.679927
-124.687353,47.731922
-124.472981,47.683000
-124.528207,47.735073
-124.313969,47.685852
-124.369041,47.738004
-124.154939,47.688484
-124.209855,47.740715
-123.995891,47.690896
-124.050651,47.743205
-123.836827,47.693088
-123.891430,47.745474
-123.677749,47.695059
-123.732195,47.747523
-123.518658,47.696810
-123.572947,47.749351
-123.359556,47.698341
-123.413687,47.750958
-123.200445,47.699651
-123.254417,47.752344
-123.041325,47.700741
-123.095138,47.753510
-122.882198,47.701609
-122.935851,47.754454
-122.723066,47.702258
-122.776559,47.755177
-122.563931,47.702685
-122.617263,47.755679
-122.404793,47.702892
-122.457964,47.755960
-122.245655,47.702878
-122.298664,47.756020
-122.086517,47.702644
-122.139364,47.755859
-121.927382,47.702189
-121.980066,47.755476
-121.768251,47.701513
-121.820772,47.754873
-121.609125,47.700616
-121.661482,47.754048
-121.450006,47.699499
-121.502199,47.753003
-126.157882,47.506429
-126.050467,47.483397
-126.107014,47.534675
-125.892202,47.488414
-125.948602,47.539775
-125.733904,47.493214
-125.790156,47.544656
-125.575574,47.497797
-125.631678,47.549320
-125.417215,47.502162
-125.473169,47.553766
-125.258826,47.506309
-125.314630,47.557993
-125.100410,47.510238
-125.156064,47.562002
-124.941968,47.513949
-124.997471,47.565793
-124.783501,47.517441
-124.838853,47.569364
-124.625012,47.520715
-124.680211,47.572717
-124.466501,47.523770
-124.521548,47.575851
-124.307970,47.526606
-124.362863,47.578766
-124.149421,47.529224
-124.204160,47.581461
-123.990855,47.531623
-124.045439,47.583938
-123.832273,47.533802
-123.886702,47.586195
-123.673677,47.535763
-123.727951,47.588232
-123.515068,47.537504
-123.569186,47.590050
-123.356449,47.539026
-123.410409,47.591648
-123.197820,47.540329
-123.251623,47.593026
-123.039182,47.541413
-123.092828,47.594185
-122.880538,47.542277
-122.934025,47.595124
-122.721889,47.542922
-122.775217,47.595843
-122.563237,47.543347
-122.616405,47.596343
-122.404582,47.543553
-122.457591,47.596622
-122.245926,47.543539
-122.298775,47.596682
-122.087272,47.543306
-122.139959,47.596521
-121.928619,47.542853
-121.981145,47.596141
-121.769971,47.542181
-121.822335,47.595541
-121.611328,47.541289
-121.663530,47.594721
-121.452691,47.540178
-121.504730,47.593681
-126.039288,47.324385
-126.095645,47.375675
-125.881497,47.329375
-125.937708,47.380746
-125.723673,47.334148
-125.779738,47.385601
-125.565818,47.338706
-125.621735,47.390239
-125.407933,47.343047
-125.463702,47.394660
-125.250020,47.347171
-125.305640,47.398864
-125.092079,47.351078
-125.147550,47.402851
-124.934113,47.354768
-124.989435,47.406621
-124.776123,47.358241
-124.831294,47.410173
-124.618110,47.361497
-124.673130,47.413507
-124.460076,47.364535
-124.514945,47.416623
-124.302023,47.367356
-124.356739,47.419522
-124.143951,47.369959
-124.198514,47.422203
-123.985862,47.372344
-124.040272,47.424665
-123.827758,47.374512
-123.882014,47.426910
-123.669640,47.376462
-123.723742,47.428936
-123.511509,47.378194
-123.565457,47.430744
-123.353368,47.379707
-123.407160,47.432333
-123.195217,47.381003
-123.248853,47.433704
-123.037058,47.382080
-123.090538,47.434856
-122.878893,47.382940
-122.932215,47.435790
-122.720723,47.383581
-122.773887,47.436505
-122.562549,47.384004
-122.615555,47.437002
-122.404372,47.384208
-122.457221,47.437280
-122.246196,47.384195
-122.298885,47.437339
-122.088020,47.383963
-122.140549,47.437179
-121.929846,47.383513
-121.982216,47.436801
-121.771676,47.382844
-121.823885,47.436205
-121.613512,47.381958
-121.665560,47.435389
-121.455354,47.380853
-121.507240,47.434355
-126.028204,47.165366
-126.084373,47.216668
-125.870883,47.170329
-125.926907,47.221712
-125.713529,47.175076
-125.769408,47.226540
-125.556145,47.179608
-125.611877,47.231152
-125.398731,47.183925
-125.454316,47.235549
-125.241289,47.188027
-125.296727,47.239730
-125.083820,47.191912
-125.139110,47.243694
-124.926326,47.195582
-124.981467,47.247443
-124.768808,47.199036
-124.823800,47.250975
-124.611267,47.202274
-124.666110,47.254291
-124.453706,47.205295
-124.508399,47.257391
-124.296126,47.208100
-124.350667,47.260273
-124.138527,47.210689
-124.192917,47.262939
-123.980912,47.213061
-124.035150,47.265388
-123.823281,47.215217
-123.877367,47.267620
-123.665637,47.217156
-123.719569,47.269635
-123.507981,47.218878
-123.561759,47.271433
-123.350313,47.220384
-123.403938,47.273013
-123.192637,47.221672
-123.246107,47.274377
-123.034952,47.222744
-123.088267,47.275523
-122.877262,47.223598
-122.930421,47.276451
-122.719566,47.224236
-122.772569,47.277163
-122.561866,47.224656
-122.614712,47.277656
-122.404165,47.224860
-122.456854,47.277933
-122.246463,47.224846
-122.298994,47.277992
-122.088761,47.224616
-122.141134,47.277833
-121.931062,47.224168
-121.983277,47.277457
-121.773367,47.223503
-121.825422,47.276864
-121.615677,47.222622
-121.667572,47.276053
-121.483848,47.248277
-125.966733,47.034517
-125.860360,47.011277
-125.916198,47.062671
-125.703472,47.015998
-125.759166,47.067472
-125.546554,47.020505
-125.602103,47.072059
-125.389607,47.024798
-125.445010,47.076431
-125.232632,47.028877
-125.287889,47.080589
-125.075631,47.032741
-125.130741,47.084532
-124.918604,47.036391
-124.973567,47.088260
-124.761555,47.039825
-124.816370,47.091773
-124.604483,47.043045
-124.659150,47.095071
-124.447391,47.046050
-124.501908,47.098153
-124.290279,47.048840
-124.344647,47.101020
-124.133149,47.051414
-124.187367,47.103671
-123.976004,47.053773
-124.030071,47.106106
-123.818843,47.055917
-123.872759,47.108326
-123.661669,47.057845
-123.715433,47.110330
-123.504482,47.059558
-123.558094,47.112117
-123.347285,47.061055
-123.400744,47.113689
-123.190079,47.062337
-123.243384,47.115045
-123.032865,47.063402
-123.086016,47.116185
-122.875644,47.064252
-122.928641,47.117108
-122.718419,47.064886
-122.771261,47.117815
-122.561190,47.065304
-122.613877,47.118306
-122.403959,47.065507
-122.456490,47.118581
-122.246727,47.065493
-122.299102,47.118640
-122.089496,47.065264
-122.141714,47.118482
-121.932268,47.064819
-121.984328,47.118108
-121.775043,47.064158
-121.826946,47.117518
-121.617823,47.063281
-121.669568,47.116712
-125.849926,46.852218
-125.905580,46.903623
-125.693500,46.856913
-125.749011,46.908398
-125.537045,46.861396
-125.592412,46.912960
-125.380560,46.865665
-125.435783,46.917308
-125.224049,46.869721
-125.279127,46.921443
-125.067511,46.873564
-125.122443,46.925364
-124.910949,46.877194
-124.965735,46.929072
-124.754363,46.880609
-124.809003,46.932565
-124.597756,46.883812
-124.652248,46.935844
-124.441129,46.886800
-124.495473,46.938910
-124.284482,46.889574
-124.338678,46.941761
-124.127818,46.892134
-124.181865,46.944397
-123.971137,46.894481
-124.025035,46.946819
-123.814442,46.896613
-123.868190,46.949027
-123.657734,46.898530
-123.711331,46.951019
-123.501013,46.900233
-123.554459,46.952797
-123.344282,46.901722
-123.397577,46.954360
-123.187542,46.902996
-123.240685,46.955709
-123.030795,46.904056
-123.083784,46.956842
-122.874040,46.904901
-122.926877,46.957760
-122.717282,46.905532
-122.769965,46.958464
-122.560519,46.905948
-122.613048,46.958952
-122.403755,46.906149
-122.456129,46.959225
-122.246990,46.906136
-122.299209,46.959284
-122.090225,46.905908
-122.142289,46.959127
-121.933463,46.905465
-121.985371,46.958755
-121.776705,46.904807
-121.828457,46.958168
-121.619952,46.903935
-121.671546,46.957366
-125.789287,46.721246
-125.683613,46.697823
-125.738942,46.749318
-125.527616,46.702281
-125.582803,46.753855
-125.371591,46.706526
-125.426634,46.758179
-125.215538,46.710560
-125.270438,46.762291
-125.059460,46.714382
-125.114216,46.766191
-124.903358,46.717991
-124.957969,46.769878
-124.747233,46.721388
-124.801698,46.773352
-124.591086,46.724573
-124.645406,46.776613
-124.434920,46.727545
-124.489092,46.779661
-124.278734,46.730304
-124.332760,46.782497
-124.122531,46.732850
-124.176409,46.785119
-123.966312,46.735183
-124.020042,46.787527
-123.810079,46.737303
-123.863660,46.789722
-123.653832,46.739210
-123.707264,46.791704
-123.497574,46.740904
-123.550856,46.793472
-123.341305,46.742384
-123.394437,46.795027
-123.185027,46.743652
-123.238008,46.796368
-123.028742,46.744706
-123.081571,46.797495
-122.872450,46.745546
-122.925128,46.798408
-122.716154,46.746173
-122.768679,46.799108
-122.559854,46.746587
-122.612227,46.799593
-122.403552,46.746787
-122.455772,46.799865
-122.247250,46.746774
-122.299315,46.799923
-122.090948,46.746547
-122.142860,46.799767
-121.934649,46.746106
-121.986406,46.799397
-121.778353,46.745453
-121.829955,46.798814
-121.622062,46.744586
-121.673508,46.798016
-125.673809,46.538726
-125.728959,46.590232
-125.518267,46.543159
-125.573275,46.594744
-125.362697,46.547382
-125.417563,46.599044
-125.207100,46.551393
-125.261824,46.603134
-125.051478,46.555194
-125.106059,46.607012
-124.895832,46.558784
-124.950269,46.610678
-124.740163,46.562162
-124.794456,46.614133
-124.584473,46.565329
-124.638621,46.617377
-124.428763,46.568284
-124.482766,46.620408
-124.273035,46.571028
-124.326891,46.623228
-124.117290,46.573560
-124.171000,46.625835
-123.961528,46.575880
-124.015091,46.628230
-123.805753,46.577989
-123.859168,46.630414
-123.649964,46.579885
-123.703232,46.632384
-123.494164,46.581570
-123.547283,46.634143
-123.338353,46.583042
-123.391323,46.635689
-123.182534,46.584302
-123.235354,46.637022
-123.026707,46.585350
-123.079377,46.638143
-122.870874,46.586186
-122.923394,46.639051
-122.715036,46.586810
-122.767405,46.639747
-122.559195,46.587221
-122.611412,46.640230
-122.403352,46.587420
-122.455417,46.640500
-122.247508,46.587407
-122.299421,46.640558
-122.091665,46.587181
-122.143425,46.640403
-121.935824,46.586744
-121.987431,46.640035
-121.779987,46.586094
-121.831440,46.639454
-121.624154,46.585231
-121.675453,46.638661
-125.613983,46.407636
-125.508997,46.384032
-125.563828,46.435626
-125.353878,46.388232
-125.408569,46.439903
-125.198733,46.392221
-125.253282,46.443970
-125.043563,46.396001
-125.097970,46.447827
-124.888369,46.399570
-124.942634,46.451473
-124.733153,46.402930
-124.787274,46.454909
-124.577916,46.406079
-124.631894,46.458135
-124.422659,46.409019
-124.476493,46.461150
-124.267384,46.411747
-124.321073,46.463954
-124.112092,46.414265
-124.165636,46.466547
-123.956785,46.416573
-124.010183,46.468929
-123.801463,46.418670
-123.854715,46.471100
-123.646128,46.420556
-123.699233,46.473060
-123.490782,46.422231
-123.543740,46.474808
-123.335426,46.423695
-123.388236,46.476346
-123.180061,46.424949
-123.232723,46.477672
-123.024689,46.425991
-123.077202,46.478787
-122.869311,46.426822
-122.921674,46.479690
-122.713927,46.427442
-122.766141,46.480382
-122.558541,46.427851
-122.610605,46.480862
-122.403153,46.428049
-122.455065,46.481131
-122.247764,46.428036
-122.299525,46.481188
-122.092376,46.427812
-122.143986,46.481034
-121.936989,46.427376
-121.988447,46.480668
-121.781607,46.426730
-121.832912,46.480091
-121.626229,46.425872
-121.677382,46.479302
-125.499805,46.224899
-125.554461,46.276504
-125.345133,46.229076
-125.399650,46.280757
-125.190436,46.233043
-125.244812,46.284801
-125.035714,46.236802
-125.089949,46.288637
-124.880969,46.240352
-124.935063,46.292263
-124.726202,46.243693
-124.780153,46.295680
-124.571414,46.246825
-124.625223,46.298888
-124.416606,46.249748
-124.470273,46.301886
-124.261781,46.252462
-124.315304,46.304674
-124.106939,46.254966
-124.160317,46.307253
-123.952081,46.257261
-124.005315,46.309622
-123.797210,46.259346
-123.850299,46.311781
-123.642325,46.261222
-123.695269,46.313730
-123.487430,46.262887
-123.540227,46.315470
-123.332524,46.264344
-123.385175,46.316998
-123.177610,46.265590
-123.230114,46.318317
-123.022688,46.266627
-123.075044,46.319426
-122.867761,46.267453
-122.919969,46.320324
-122.712828,46.268070
-122.764888,46.321012
-122.557893,46.268477
-122.609804,46.321490
-122.402955,46.268674
-122.454717,46.321757
-122.248017,46.268661
-122.299629,46.321814
-122.093080,46.268437
-122.144541,46.321661
-121.938145,46.268004
-121.989456,46.321297
-121.783213,46.267361
-121.834373,46.320723
-121.628286,46.266509
-121.679294,46.319938
-125.490690,46.065761
-125.545172,46.117375
-125.336462,46.069914
-125.390806,46.121604
-125.182209,46.073859
-125.236414,46.125627
-125.027932,46.077597
-125.081996,46.129441
-124.873631,46.081128
-124.927556,46.133047
-124.719309,46.084451
-124.773093,46.136446
-124.564966,46.087565
-124.618609,46.139636
-124.410604,46.090472
-124.464105,46.142617
-124.256225,46.093171
-124.309583,46.145390
-124.101828,46.095661
-124.155044,46.147955
-123.947417,46.097944
-124.000489,46.150311
-123.792992,46.100017
-123.845920,46.152458
-123.638554,46.101883
-123.691338,46.154396
-123.484105,46.103539
-123.536744,46.156126
-123.329646,46.104987
-123.382140,46.157646
-123.175179,46.106227
-123.227526,46.158958
-123.020704,46.107258
-123.072905,46.160060
-122.866224,46.108080
-122.918278,46.160954
-122.711738,46.108693
-122.763646,46.161638
-122.557250,46.109098
-122.609010,46.162113
-122.402760,46.109294
-122.454371,46.162379
-122.248269,46.109281
-122.299732,46.162435
-122.093779,46.109059
-122.145093,46.162283
-121.939291,46.108628
-121.990455,46.161921
-121.784806,46.107989
-121.835821,46.161350
-121.630326,46.107140
-121.681190,46.160570
-125.481651,45.906616
-125.535961,45.958240
-125.327864,45.910746
-125.382036,45.962446
-125.174052,45.914670
-125.228086,45.966446
-125.020215,45.918388
-125.074110,45.970240
-124.866355,45.921899
-124.920112,45.973826
-124.712474,45.925203
-124.766091,45.977206
-124.558573,45.928301
-124.612050,45.980378
-124.404653,45.931191
-124.457989,45.983343
-124.250715,45.933875
-124.303910,45.986101
-124.096761,45.936352
-124.149814,45.988652
-123.942792,45.938622
-123.995703,45.990995
-123.788810,45.940684
-123.841578,45.993130
-123.634814,45.942539
-123.687440,45.995058
-123.480808,45.944186
-123.533290,45.996777
-123.326792,45.945627
-123.379130,45.998290
-123.172768,45.946859
-123.224961,45.999594
-123.018737,45.947885
-123.070784,46.000690
-122.864699,45.948702
-122.916601,46.001579
-122.710658,45.949312
-122.762414,46.002259
-122.556613,45.949714
-122.608222,46.002731
-122.402566,45.949909
-122.454028,46.002996
-122.248518,45.949896
-122.299834,46.003052
-122.094472,45.949675
-122.145639,46.002900
-121.940427,45.949247
-121.991446,46.002541
-121.786386,45.948611
-121.837256,46.001973
-121.632349,45.947768
-121.683071,46.001197
-125.423039,45.775384
-125.319338,45.751573
-125.373340,45.803282
-125.165962,45.755475
-125.219827,45.807260
-125.012562,45.759172
-125.066290,45.811033
-124.859140,45.762664
-124.912730,45.814600
-124.705697,45.765950
-124.759148,45.817960
-124.552233,45.769031
-124.605546,45.821115
-124.398751,45.771906
-124.451924,45.824064
-124.245252,45.774575
-124.298285,45.826807
-124.091736,45.777038
-124.144629,45.829343
-123.938206,45.779295
-123.990957,45.831673
-123.784662,45.781346
-123.837272,45.833797
-123.631106,45.783190
-123.683574,45.835714
-123.477539,45.784829
-123.529865,45.837424
-123.323963,45.786261
-123.376145,45.838928
-123.170378,45.787487
-123.222417,45.840225
-123.016786,45.788507
-123.068681,45.841316
-122.863188,45.789320
-122.914939,45.842199
-122.709586,45.789926
-122.761192,45.842876
-122.555981,45.790326
-122.607441,45.843346
-122.402373,45.790520
-122.453689,45.843608
-122.248766,45.790507
-122.299935,45.843665
-122.095159,45.790288
-122.146181,45.843514
-121.941554,45.789862
-121.992429,45.843156
-121.787952,45.789229
-121.838680,45.842591
-121.634355,45.788390
-121.684935,45.841820
-125.310883,45.592394
-125.364717,45.644113
-125.157940,45.596275
-125.211638,45.648069
-125.004974,45.599951
-125.058536,45.651820
-124.851985,45.603424
-124.905410,45.655368
-124.698976,45.606692
-124.752263,45.658710
-124.545947,45.609756
-124.599096,45.661848
-124.392899,45.612615
-124.445910,45.664780
-124.239834,45.615269
-124.292707,45.667508
-124.086754,45.617718
-124.139487,45.670030
-123.933658,45.619963
-123.986252,45.672347
-123.780550,45.622003
-123.833003,45.674459
-123.627429,45.623837
-123.679741,45.676366
-123.474298,45.625467
-123.526468,45.678067
-123.321157,45.626891
-123.373186,45.679562
-123.168007,45.628110
-123.219894,45.680852
-123.014851,45.629124
-123.066595,45.681936
-122.861689,45.629933
-122.913290,45.682815
-122.708523,45.630536
-122.759981,45.683488
-122.555354,45.630934
-122.606667,45.683955
-122.402183,45.631126
-122.453352,45.684217
-122.249011,45.631114
-122.300035,45.684272
-122.095840,45.630895
-122.146719,45.684122
-121.942671,45.630472
-121.993404,45.683767
-121.789505,45.629843
-121.840092,45.683205
-121.636344,45.629009
-121.686784,45.682438
-125.302498,45.433209
-125.356165,45.484937
-125.149985,45.437069
-125.203517,45.488872
-124.997449,45.440725
-125.050846,45.492603
-124.844890,45.444178
-124.898151,45.496130
-124.692311,45.447429
-124.745436,45.499454
-124.539712,45.450475
-124.592701,45.502574
-124.387096,45.453319
-124.439947,45.505491
-124.234462,45.455958
-124.287175,45.508203
-124.081813,45.458394
-124.134388,45.510712
-123.929149,45.460626
-123.981585,45.513016
-123.776472,45.462655
-123.828769,45.515117
-123.623783,45.464479
-123.675940,45.517013
-123.471083,45.466100
-123.523100,45.518704
-123.318374,45.467516
-123.370251,45.520192
-123.165657,45.468729
-123.217393,45.521474
-123.012933,45.469737
-123.064527,45.522553
-122.860203,45.470541
-122.911656,45.523426
-122.707469,45.471141
-122.758779,45.524096
-122.554732,45.471537
-122.605899,45.524560
-122.401993,45.471728
-122.453017,45.524820
-122.249254,45.471716
-122.300134,45.524876
-122.096515,45.471499
-122.147251,45.524727
-121.943779,45.471077
-121.994370,45.524373
-121.791045,45.470452
-121.841492,45.523814
-121.638316,45.469622
-121.688617,45.523051
-125.294184,45.274019
-125.347685,45.325756
-125.142096,45.277857
-125.195464,45.329669
-124.989986,45.281493
-125.043220,45.333379
-124.837854,45.284928
-124.890953,45.336887
-124.685702,45.288160
-124.738666,45.340193
-124.533530,45.291190
-124.586358,45.343296
-124.381341,45.294017
-124.434033,45.346197
-124.229134,45.296643
-124.281690,45.348894
-124.076913,45.299065
-124.129331,45.351389
-123.924677,45.301285
-123.976957,45.353681
-123.772427,45.303302
-123.824570,45.355769
-123.620167,45.305117
-123.672171,45.357655
-123.467895,45.306728
-123.519761,45.359337
-123.315615,45.308137
-123.367341,45.360816
-123.163326,45.309343
-123.214912,45.362092
-123.011031,45.310346
-123.062476,45.363164
-122.858730,45.311145
-122.910034,45.364033
-122.706424,45.311742
-122.757588,45.364699
-122.554116,45.312135
-122.605138,45.365161
-122.401806,45.312326
-122.452686,45.365419
-122.249495,45.312313
-122.300233,45.365475
-122.097185,45.312097
-122.147780,45.365326
-121.944877,45.311678
-121.995329,45.364974
-121.792572,45.311056
-121.842880,45.364419
-121.640272,45.310231
-121.690436,45.363660
-125.285938,45.114823
-125.339275,45.166569
-125.134273,45.118640
-125.187478,45.170460
-124.982586,45.122256
-125.035657,45.174150
-124.830877,45.125672
-124.883815,45.177639
-124.679147,45.128886
-124.731952,45.180927
-124.527399,45.131899
-124.580069,45.184013
-124.375633,45.134711
-124.428168,45.186897
-124.223851,45.137322
-124.276250,45.189580
-124.072053,45.139731
-124.124316,45.192061
-123.920242,45.141939
-123.972368,45.194340
-123.768417,45.143945
-123.820407,45.196417
-123.616581,45.145749
-123.668433,45.198292
-123.464734,45.147352
-123.516449,45.199965
-123.312878,45.148753
-123.364454,45.201436
-123.161014,45.149952
-123.212452,45.202705
-123.009144,45.150949
-123.060442,45.203771
-122.857268,45.151745
-122.908427,45.204636
-122.705388,45.152338
-122.756407,45.205297
-122.553505,45.152729
-122.604383,45.205757
-122.401620,45.152919
-122.452357,45.206014
-122.249734,45.152906
-122.300330,45.206069
-122.097850,45.152692
-122.148304,45.205921
-121.945967,45.152275
-121.996279,45.205572
-121.794087,45.151656
-121.844257,45.205019
-121.642212,45.150836
-121.692239,45.204265
-125.277761,44.955621
-125.330935,45.007377
-125.126515,44.959417
-125.179558,45.011246
-124.975246,44.963013
-125.028158,45.014916
-124.823957,44.966410
-124.876736,45.018386
-124.672648,44.969607
-124.725293,45.021655
-124.521319,44.972603
-124.573832,45.024724
-124.369974,44.975400
-124.422352,45.027593
-124.218612,44.977996
-124.270856,45.030261
-124.067235,44.980392
-124.119344,45.032728
-123.915843,44.982588
-123.967817,45.034994
-123.764440,44.984583
-123.816278,45.037060
-123.613025,44.986377
-123.664726,45.038925
-123.461599,44.987971
-123.513164,45.040589
-123.310165,44.989365
-123.361592,45.042052
-123.158722,44.990557
-123.210012,45.043313
-123.007273,44.991549
-123.058425,45.044374
-122.855819,44.992340
-122.906833,45.045233
-122.704360,44.992930
-122.755235,45.045892
-122.552899,44.993319
-122.603634,45.046349
-122.401435,44.993507
-122.452031,45.046604
-122.249972,44.993495
-122.300427,45.046659
-122.098508,44.993281
-122.148824,45.046512
-121.947047,44.992867
-121.997221,45.046164
-121.795589,44.992252
-121.845622,45.045615
-121.644135,44.991436
-121.694027,45.044864
-125.269651,44.796414
-125.322665,44.848178
-125.118821,44.800189
-125.171704,44.852027
-124.967968,44.803765
-125.020720,44.855676
-124.817095,44.807143
-124.869715,44.859127
-124.666201,44.810322
-124.718690,44.862378
-124.515290,44.813303
-124.567646,44.865430
-124.364361,44.816084
-124.416584,44.868283
-124.213416,44.818666
-124.265506,44.870936
-124.062456,44.821048
-124.114412,44.873390
-123.911482,44.823232
-123.963304,44.875644
-123.760496,44.825216
-123.812183,44.877698
-123.609498,44.827001
-123.661050,44.879553
-123.458490,44.828586
-123.509907,44.881208
-123.307473,44.829971
-123.358754,44.882662
-123.156449,44.831157
-123.207593,44.883917
-123.005418,44.832143
-123.056425,44.884972
-122.854381,44.832930
-122.905252,44.885827
-122.703341,44.833517
-122.754073,44.886481
-122.552298,44.833904
-122.602892,44.886936
-122.401252,44.834091
-122.451708,44.887190
-122.250207,44.834079
-122.300523,44.887244
-122.099162,44.833866
-122.149339,44.887098
-121.948119,44.833454
-121.998156,44.886752
-121.797079,44.832843
-121.846976,44.886206
-121.646043,44.832031
-121.695800,44.885460
-125.261609,44.637201
-125.314462,44.688975
-125.111190,44.640955
-125.163914,44.692802
-124.960750,44.644512
-125.013344,44.696431
-124.810289,44.647871
-124.862753,44.699863
-124.659809,44.651033
-124.712142,44.703096
-124.509310,44.653997
-124.561512,44.706131
-124.358794,44.656762
-124.410864,44.708968
-124.208263,44.659330
-124.260200,44.711607
-124.057716,44.661700
-124.109521,44.714047
-123.907156,44.663871
-123.958828,44.716289
-123.756584,44.665844
-123.808122,44.718332
-123.606000,44.667619
-123.657405,44.720176
-123.455407,44.669196
-123.506676,44.721822
-123.304804,44.670573
-123.355939,44.723269
-123.154194,44.671753
-123.205194,44.724516
-123.003578,44.672734
-123.054442,44.725565
-122.852956,44.673516
-122.903684,44.726415
-122.702330,44.674099
-122.752921,44.727066
-122.551701,44.674484
-122.602155,44.727518
-122.401071,44.674671
-122.451387,44.727771
-122.250440,44.674658
-122.300619,44.727825
-122.099810,44.674447
-122.149850,44.727680
-121.949181,44.674037
-121.999083,44.727336
-121.798556,44.673429
-121.848319,44.726793
-121.647935,44.672622
-121.697558,44.726050
-125.253632,44.477982
-125.306327,44.529765
-125.103623,44.481716
-125.156189,44.533571
-124.953591,44.485253
-125.006029,44.537181
-124.803540,44.488594
-124.855848,44.540593
-124.653469,44.491738
-124.705647,44.543809
-124.503380,44.494685
-124.555428,44.546827
-124.353274,44.497436
-124.405191,44.549649
-124.203152,44.499990
-124.254939,44.552273
-124.053016,44.502346
-124.104671,44.554700
-123.902866,44.504506
-123.954389,44.556929
-123.752705,44.506468
-123.804095,44.558961
-123.602532,44.508233
-123.653789,44.560795
-123.452349,44.509801
-123.503473,44.562431
-123.302157,44.511171
-123.353148,44.563870
-123.151958,44.512344
-123.202814,44.565111
-123.001753,44.513319
-123.052474,44.566154
-122.851542,44.514097
-122.902129,44.566999
-122.701328,44.514678
-122.751778,44.567647
-122.551110,44.515060
-122.601425,44.568096
-122.400891,44.515246
-122.451070,44.568348
-122.250671,44.515233
-122.300713,44.568401
-122.100452,44.515023
-122.150357,44.568257
-121.950235,44.514616
-122.000002,44.567915
-121.800021,44.514011
-121.849650,44.567375
-121.649811,44.513208
-121.699302,44.566637
-125.245722,44.318758
-125.298260,44.370550
-125.096117,44.322471
-125.148528,44.374335
-124.946492,44.325989
-124.998774,44.377924
-124.796846,44.329311
-124.849000,44.381318
-124.647181,44.332438
-124.699206,44.384516
-124.497498,44.335369
-124.549394,44.387518
-124.347799,44.338105
-124.399565,44.390324
-124.198084,44.340644
-124.249720,44.392934
-124.048355,44.342988
-124.099860,44.395347
-123.898612,44.345135
-123.949987,44.397564
-123.748857,44.347087
-123.800101,44.399585
-123.599092,44.348842
-123.650203,44.401409
-123.449316,44.350401
-123.500296,44.403036
-123.299532,44.351764
-123.350379,44.404467
-123.149741,44.352930
-123.200455,44.405701
-122.999943,44.353900
-123.050523,44.406738
-122.850140,44.354674
-122.900586,44.407579
-122.700334,44.355251
-122.750645,44.408223
-122.550524,44.355632
-122.600701,44.408670
-122.400713,44.355816
-122.450754,44.408920
-122.250901,44.355804
-122.300807,44.408973
-122.101090,44.355595
-122.150860,44.408830
-121.951280,44.355190
-122.000914,44.408489
-121.801474,44.354588
-121.850971,44.407952
-121.651671,44.353790
-121.701032,44.407218
-125.237876,44.159528
-125.290258,44.211329
-125.088674,44.163221
-125.140929,44.215093
-124.939450,44.166719
-124.991579,44.218663
-124.790207,44.170023
-124.842208,44.222038
-124.640945,44.173133
-124.692819,44.225218
-124.491665,44.176048
-124.543411,44.228204
-124.342369,44.178768
-124.393986,44.230994
-124.193057,44.181294
-124.244545,44.233589
-124.043731,44.183624
-124.095090,44.235989
-123.894392,44.185760
-123.945621,44.238194
-123.745042,44.187701
-123.796140,44.240204
-123.595680,44.189447
-123.646647,44.242018
-123.446309,44.190997
-123.497145,44.243636
-123.296929,44.192352
-123.347633,44.245059
-123.147542,44.193512
-123.198114,44.246286
-122.998148,44.194477
-123.048588,44.247318
-122.848750,44.195246
-122.899057,44.248154
-122.699348,44.195820
-122.749521,44.248794
-122.549942,44.196199
-122.599983,44.249239
-122.400536,44.196382
-122.450442,44.249488
-122.251128,44.196370
-122.300900,44.249541
-122.101722,44.196162
-122.151358,44.249398
-121.952317,44.195759
-122.001818,44.249059
-121.802915,44.195161
-121.852281,44.248525
-121.653517,44.194367
-121.702747,44.247795
-125.230095,44.000293
-125.282323,44.052102
-125.081292,44.003965
-125.133393,44.055846
-124.932467,44.007444
-124.984443,44.059396
-124.783623,44.010730
-124.835473,44.062753
-124.634760,44.013822
-124.686483,44.065915
-124.485880,44.016721
-124.537476,44.068884
-124.336983,44.019427
-124.388452,44.071659
-124.188072,44.021938
-124.239412,44.074240
-124.039146,44.024256
-124.090358,44.076627
-123.890208,44.026380
-123.941291,44.078820
-123.741257,44.028310
-123.792211,44.080818
-123.592296,44.030046
-123.643120,44.082622
-123.443326,44.031588
-123.494020,44.084232
-123.294347,44.032936
-123.344910,44.085647
-123.145361,44.034089
-123.195793,44.086867
-122.996368,44.035049
-123.046669,44.087893
-122.847371,44.035814
-122.897540,44.088725
-122.698370,44.036385
-122.748407,44.089361
-122.549366,44.036761
-122.599270,44.089803
-122.400360,44.036943
-122.450132,44.090051
-122.251354,44.036931
-122.300992,44.090104
-122.102348,44.036725
-122.151853,44.089962
-121.953345,44.036324
-122.002715,44.089625
-121.804344,44.035729
-121.853580,44.089094
-121.655347,44.034940
-121.704448,44.088368
-125.174171,43.868832
-125.073970,43.844704
-125.125919,43.896593
-124.925541,43.848164
-124.977366,43.900124
-124.777092,43.851431
-124.828792,43.903462
-124.628626,43.854507
-124.680200,43.906607
-124.480142,43.857390
-124.531590,43.909560
-124.331642,43.860080
-124.382963,43.912319
-124.183127,43.862578
-124.234322,43.914886
-124.034599,43.864883
-124.085665,43.917260
-123.886057,43.866995
-123.936996,43.919440
-123.737504,43.868915
-123.788315,43.921428
-123.588940,43.870641
-123.639622,43.923222
-123.440367,43.872175
-123.490920,43.924822
-123.291786,43.873515
-123.342209,43.926230
-123.143198,43.874662
-123.193491,43.927443
-122.994603,43.875616
-123.044766,43.928464
-122.846003,43.876377
-122.896036,43.929291
-122.697400,43.876945
-122.747301,43.929924
-122.548794,43.877319
-122.598564,43.930363
-122.400186,43.877500
-122.449824,43.930610
-122.251578,43.877488
-122.301084,43.930662
-122.102970,43.877283
-122.152343,43.930521
-121.954364,43.876884
-122.003604,43.930186
-121.805761,43.876293
-121.854868,43.929658
-121.657162,43.875508
-121.706135,43.928936
-125.066708,43.685437
-125.118506,43.737335
-124.918671,43.688878
-124.970346,43.740846
-124.770616,43.692128
-124.822166,43.744166
-124.622542,43.695186
-124.673968,43.747294
-124.474451,43.698053
-124.525752,43.750230
-124.326345,43.700729
-124.377520,43.752974
-124.178223,43.703213
-124.229273,43.755527
-124.030088,43.705505
-124.081011,43.757888
-123.881941,43.707606
-123.932737,43.760056
-123.733782,43.709515
-123.784450,43.762032
-123.585612,43.711232
-123.636153,43.763817
-123.437433,43.712756
-123.487846,43.765408
-123.289246,43.714089
-123.339531,43.766808
-123.141052,43.715230
-123.191208,43.768015
-122.992852,43.716179
-123.042878,43.769030
-122.844647,43.716936
-122.894544,43.769852
-122.696438,43.717500
-122.746205,43.770482
-122.548226,43.717873
-122.597863,43.770919
-122.400013,43.718053
-122.449519,43.771164
-122.251800,43.718041
-122.301174,43.771216
-122.103587,43.717837
-122.152830,43.771075
-121.955375,43.717440
-122.004487,43.770743
-121.807167,43.716852
-121.856146,43.770217
-121.658963,43.716071
-121.707809,43.769499
-125.059505,43.526165
-125.111154,43.578071
-124.911858,43.529587
-124.963384,43.581563
-124.764192,43.532819
-124.815594,43.584864
-124.616508,43.535860
-124.667787,43.587975
-124.468807,43.538712
-124.519962,43.590895
-124.321091,43.541372
-124.372121,43.593624
-124.173360,43.543843
-124.224265,43.596163
-124.025615,43.546122
-124.076395,43.598511
-123.877858,43.548211
-123.928512,43.600667
-123.730090,43.550110
-123.780618,43.602633
-123.582311,43.551817
-123.632712,43.604407
-123.434523,43.553334
-123.484797,43.605990
-123.286727,43.554659
-123.336874,43.607382
-123.138924,43.555794
-123.188943,43.608582
-122.991115,43.556737
-123.041006,43.609591
-122.843301,43.557490
-122.893064,43.610409
-122.695484,43.558051
-122.745117,43.611035
-122.547664,43.558422
-122.597168,43.611470
-122.399842,43.558601
-122.449216,43.611713
-122.252020,43.558589
-122.301264,43.611765
-122.104198,43.558386
-122.153312,43.611626
-121.956378,43.557992
-122.005361,43.611295
-121.808561,43.557406
-121.857413,43.610772
-121.660748,43.556630
-121.709468,43.610058
-125.052361,43.366887
-125.103861,43.418802
-124.905100,43.370290
-124.956478,43.422274
-124.757820,43.373504
-124.809076,43.425558
-124.610523,43.376529
-124.661656,43.428651
-124.463209,43.379365
-124.514219,43.431555
-124.315879,43.382011
-124.366766,43.434269
-124.168535,43.384468
-124.219298,43.436794
-124.021178,43.386735
-124.071816,43.439129
-123.873808,43.388812
-123.924322,43.441273
-123.726428,43.390700
-123.776816,43.443228
-123.579037,43.392398
-123.629299,43.444992
-123.431637,43.393906
-123.481773,43.446567
-123.284229,43.395224
-123.334239,43.447951
-123.136814,43.396353
-123.186697,43.449145
-122.989393,43.397291
-123.039149,43.450148
-122.841967,43.398039
-122.891596,43.450961
-122.694538,43.398598
-122.744039,43.451584
-122.547106,43.398966
-122.596478,43.452017
-122.399672,43.399144
-122.448916,43.452259
-122.252238,43.399132
-122.301353,43.452310
-122.104805,43.398930
-122.153791,43.452171
-121.957373,43.398538
-122.006229,43.451842
-121.809944,43.397956
-121.858670,43.451322
-121.662519,43.397184
-121.711115,43.450612
-125.045275,43.207604
-125.096628,43.259527
-124.898397,43.210989
-124.949629,43.262981
-124.751501,43.214185
-124.802611,43.266246
-124.604587,43.217193
-124.655576,43.269322
-124.457656,43.220013
-124.508523,43.272210
-124.310710,43.222645
-124.361455,43.274909
-124.163750,43.225088
-124.214372,43.277420
-124.016777,43.227342
-124.067275,43.279742
-123.869792,43.229408
-123.920166,43.281875
-123.722796,43.231286
-123.773046,43.283818
-123.575789,43.232974
-123.625914,43.285573
-123.428774,43.234474
-123.478774,43.287139
-123.281750,43.235785
-123.331625,43.288515
-123.134720,43.236907
-123.184469,43.289703
-122.987684,43.237840
-123.037307,43.290700
-122.840644,43.238585
-122.890140,43.291509
-122.693599,43.239140
-122.742969,43.292129
-122.546552,43.239506
-122.595795,43.292559
-122.399504,43.239683
-122.448619,43.292799
-122.252455,43.239671
-122.301442,43.292851
-122.105406,43.239471
-122.154265,43.292712
-121.958360,43.239081
-122.007090,43.292385
-121.811316,43.238502
-121.859917,43.291868
-121.664276,43.237734
-121.712747,43.291162
-125.038247,43.048316
-125.089454,43.100247
-124.891749,43.051682
-124.942836,43.103681
-124.745232,43.054860
-124.796199,43.106928
-124.598699,43.057852
-124.649545,43.109988
-124.452149,43.060656
-124.502873,43.112860
-124.305584,43.063273
-124.356187,43.115544
-124.159005,43.065703
-124.209486,43.118041
-124.012412,43.067945
-124.062771,43.120350
-123.865808,43.070000
-123.916044,43.122471
-123.719193,43.071867
-123.769306,43.124404
-123.572568,43.073546
-123.622557,43.126149
-123.425934,43.075037
-123.475799,43.127706
-123.279292,43.076341
-123.329033,43.129075
-123.132644,43.077457
-123.182260,43.130256
-122.985990,43.078385
-123.035481,43.131248
-122.839331,43.079125
-122.888696,43.132052
-122.692668,43.079677
-122.741908,43.132668
-122.546003,43.080041
-122.595117,43.133096
-122.399337,43.080218
-122.448323,43.133335
-122.252670,43.080206
-122.301530,43.133386
-122.106003,43.080006
-122.154736,43.133249
-121.959338,43.079619
-122.007943,43.132923
-121.812676,43.079043
-121.861153,43.132410
-121.666018,43.078279
-121.714367,43.131707
-125.031276,42.889022
-125.082338,42.940962
-124.885155,42.892369
-124.936098,42.944377
-124.739015,42.895530
-124.789839,42.947606
-124.592859,42.898505
-124.643562,42.950649
-124.446686,42.901294
-124.497270,42.953505
-124.300499,42.903897
-124.350962,42.956174
-124.154297,42.906313
-124.204639,42.958657
-124.008083,42.908543
-124.058303,42.960953
-123.861857,42.910586
-123.911956,42.963063
-123.715620,42.912443
-123.765596,42.964985
-123.569373,42.914113
-123.619227,42.966721
-123.423118,42.915596
-123.472849,42.968269
-123.276854,42.916892
-123.326462,42.969630
-123.130584,42.918002
-123.180068,42.970805
-122.984309,42.918925
-123.033669,42.971791
-122.838029,42.919661
-122.887264,42.972591
-122.691745,42.920210
-122.740855,42.973204
-122.545459,42.920572
-122.594444,42.973629
-122.399171,42.920748
-122.448031,42.973867
-122.252883,42.920736
-122.301617,42.973918
-122.106595,42.920537
-122.155203,42.973781
-121.960309,42.920152
-122.008790,42.973457
-121.814026,42.919579
-121.862380,42.972946
-121.667746,42.918820
-121.715973,42.972248
-125.024361,42.729723
-125.075280,42.781671
-124.878614,42.733052
-124.929414,42.785067
-124.732848,42.736195
-124.783530,42.788278
-124.587066,42.739154
-124.637629,42.791304
-124.441268,42.741927
-124.491711,42.794145
-124.295455,42.744515
-124.345779,42.796799
-124.149628,42.746918
-124.199832,42.799269
-124.003789,42.749136
-124.053872,42.801552
-123.857937,42.751168
-123.907900,42.803650
-123.712076,42.753014
-123.761917,42.805562
-123.566204,42.754675
-123.615924,42.807287
-123.420324,42.756150
-123.469922,42.808827
-123.274436,42.757439
-123.323912,42.810181
-123.128542,42.758543
-123.177895,42.811349
-122.982642,42.759461
-123.031871,42.812330
-122.836737,42.760193
-122.885843,42.813126
-122.690829,42.760739
-122.739812,42.813735
-122.544919,42.761099
-122.593777,42.814158
-122.399007,42.761273
-122.447740,42.814394
-122.253094,42.761262
-122.301703,42.814445
-122.107182,42.761064
-122.155666,42.814309
-121.961272,42.760681
-122.009630,42.813987
-121.815364,42.760111
-121.863596,42.813479
-121.669460,42.759356
-121.717566,42.812784
-124.970164,42.598094
-124.872126,42.573729
-124.922785,42.625752
-124.726731,42.576855
-124.777272,42.628945
-124.581320,42.579797
-124.631743,42.631955
-124.435893,42.582555
-124.486198,42.634779
-124.290452,42.585129
-124.340638,42.637419
-124.144997,42.587519
-124.195064,42.639875
-123.999529,42.589724
-124.049477,42.642146
-123.854050,42.591745
-123.903878,42.644232
-123.708560,42.593581
-123.758268,42.646133
-123.563061,42.595232
-123.612648,42.647849
-123.417553,42.596699
-123.467019,42.649381
-123.272037,42.597982
-123.321382,42.650727
-123.126516,42.599079
-123.175738,42.651888
-122.980988,42.599992
-123.030089,42.652864
-122.835456,42.600720
-122.884434,42.653655
-122.689921,42.601263
-122.738776,42.654261
-122.544383,42.601621
-122.593115,42.654682
-122.398843,42.601794
-122.447452,42.654917
-122.253304,42.601783
-122.301789,42.654967
-122.107764,42.601586
-122.156125,42.654832
-121.962227,42.601205
-122.010463,42.654512
-121.816692,42.600639
-121.864803,42.654006
-121.671160,42.599888
-121.719146,42.653316
-124.865690,42.414400
-124.916209,42.466431
-124.720664,42.417509
-124.771066,42.469607
-124.575621,42.420435
-124.625905,42.472600
-124.430562,42.423178
-124.480730,42.475409
-124.285489,42.425738
-124.335539,42.478034
-124.140403,42.428114
-124.190334,42.480476
-123.995304,42.430307
-124.045117,42.482735
-123.850194,42.432317
-123.899888,42.484809
-123.705073,42.434143
-123.754648,42.486700
-123.559943,42.435785
-123.609398,42.488407
-123.414804,42.437244
-123.464139,42.489930
-123.269658,42.438519
-123.318873,42.491268
-123.124506,42.439611
-123.173600,42.492423
-122.979348,42.440518
-123.028321,42.493394
-122.834185,42.441242
-122.883037,42.494180
-122.689020,42.441782
-122.737749,42.494783
-122.543851,42.442138
-122.592459,42.495201
-122.398682,42.442311
-122.447166,42.495435
-122.253512,42.442299
-122.301873,42.495485
-122.108342,42.442104
-122.156581,42.495351
-121.963174,42.441725
-122.011289,42.495032
-121.818009,42.441162
-121.866000,42.494530
-121.672847,42.440415
-121.720714,42.493843
-124.859307,42.255067
-124.909686,42.307106
-124.714645,42.258159
-124.764909,42.310264
-124.569967,42.261069
-124.620115,42.313240
-124.425274,42.263796
-124.475305,42.316033
-124.280567,42.266342
-124.330481,42.318645
-124.135846,42.268705
-124.185643,42.321073
-123.991113,42.270886
-124.040792,42.323319
-123.846369,42.272884
-123.895930,42.325382
-123.701614,42.274700
-123.751057,42.327262
-123.556850,42.276333
-123.606174,42.328959
-123.412078,42.277784
-123.461283,42.330474
-123.267298,42.279052
-123.316384,42.331805
-123.122512,42.280138
-123.171478,42.332954
-122.977721,42.281040
-123.026567,42.333919
-122.832925,42.281760
-122.881650,42.334701
-122.688126,42.282297
-122.736730,42.335300
-122.543324,42.282651
-122.591808,42.335716
-122.398521,42.282823
-122.446883,42.335949
-122.253718,42.282811
-122.301958,42.335999
-122.108915,42.282617
-122.157033,42.335865
-121.964114,42.282240
-122.012109,42.335548
-121.819315,42.281680
-121.867187,42.335048
-121.674520,42.280937
-121.722269,42.334365
-124.852975,42.095728
-124.903216,42.147775
-124.708675,42.098803
-124.758802,42.150915
-124.564359,42.101697
-124.614371,42.153875
-124.420029,42.104409
-124.469924,42.156653
-124.275684,42.106941
-124.325464,42.159250
-124.131326,42.109291
-124.180989,42.161665
-123.986956,42.111459
-124.036503,42.163898
-123.842575,42.113447
-123.892004,42.165950
-123.698183,42.115253
-123.747495,42.167819
-123.553782,42.116877
-123.602977,42.169507
-123.409373,42.118320
-123.458450,42.171013
-123.264957,42.119581
-123.313915,42.172337
-123.120535,42.120660
-123.169374,42.173479
-122.976107,42.121558
-123.024827,42.174439
-122.831675,42.122273
-122.880275,42.175217
-122.687239,42.122808
-122.735720,42.175813
-122.542801,42.123160
-122.591162,42.176227
-122.398362,42.123330
-122.446602,42.176458
-122.253922,42.123319
-122.302041,42.176508
-122.109483,42.123126
-122.157481,42.176375
-121.965046,42.122751
-122.012922,42.176060
-121.820610,42.122194
-121.868365,42.175563
-121.676179,42.121455
-121.723811,42.174883
-124.846694,41.936384
-124.896798,41.988438
-124.702753,41.939442
-124.752744,41.991562
-124.558797,41.942320
-124.608673,41.994505
-124.414826,41.945017
-124.464587,41.997268
-124.270840,41.947534
-124.320487,41.999850
-124.126842,41.949872
-124.176373,42.002251
-123.982832,41.952028
-124.032248,42.004472
-123.838811,41.954005
-123.888110,42.006513
-123.694780,41.955800
-123.743963,42.008372
-123.550739,41.957416
-123.599805,42.010051
-123.406691,41.958850
-123.455640,42.011548
-123.262635,41.960104
-123.311466,42.012865
-123.118573,41.961178
-123.167287,42.014001
-122.974506,41.962070
-123.023101,42.014955
-122.830435,41.962782
-122.878911,42.015729
-122.686360,41.963314
-122.734718,42.016321
-122.542283,41.963664
-122.590521,42.016733
-122.398204,41.963833
-122.446323,42.016963
-122.254125,41.963822
-122.302124,42.017012
-122.110047,41.963630
-122.157926,42.016880
-121.965970,41.963257
-122.013728,42.016567
-121.821896,41.962703
-121.869533,42.016072
-121.677825,41.961969
-121.725341,42.015397
-124.793619,41.804628
-124.696879,41.780076
-124.746734,41.832203
-124.553279,41.782937
-124.603021,41.835130
-124.409664,41.785620
-124.459293,41.837877
-124.266036,41.788123
-124.315550,41.840445
-124.122395,41.790448
-124.171795,41.842833
-123.978742,41.792592
-124.028027,41.845042
-123.835078,41.794558
-123.884248,41.847071
-123.691404,41.796344
-123.740458,41.848920
-123.547721,41.797950
-123.596659,41.850589
-123.404030,41.799377
-123.452852,41.852079
-123.260332,41.800624
-123.309037,41.853388
-123.116628,41.801691
-123.165216,41.854517
-122.972918,41.802579
-123.021389,41.855467
-122.829205,41.803287
-122.877558,41.856236
-122.685488,41.803815
-122.733723,41.856825
-122.541768,41.804163
-122.589886,41.857234
-122.398048,41.804332
-122.446046,41.857463
-122.254327,41.804321
-122.302206,41.857512
-122.110606,41.804130
-122.158367,41.857381
-121.966887,41.803759
-122.014528,41.857069
-121.823171,41.803208
-121.870692,41.856578
-121.679457,41.802478
-121.726858,41.855906
-124.691052,41.620705
-124.740774,41.672839
-124.547805,41.623550
-124.597415,41.675749
-124.404545,41.626218
-124.454041,41.678482
-124.261270,41.628708
-124.310653,41.681035
-124.117983,41.631019
-124.167253,41.683410
-123.974684,41.633152
-124.023840,41.685607
-123.831374,41.635106
-123.880416,41.687624
-123.688055,41.636882
-123.736982,41.689463
-123.544727,41.638479
-123.593538,41.691123
-123.401390,41.639898
-123.450087,41.692604
-123.258047,41.641138
-123.306628,41.693906
-123.114698,41.642200
-123.163162,41.695030
-122.971343,41.643083
-123.019691,41.695974
-122.827984,41.643787
-122.876216,41.696739
-122.684622,41.644312
-122.732737,41.697325
-122.541258,41.644658
-122.589255,41.697731
-122.397892,41.644826
-122.445772,41.697959
-122.254526,41.644815
-122.302288,41.698008
-122.111161,41.644625
-122.158804,41.697877
-121.967797,41.644256
-122.015322,41.697567
-121.824435,41.643709
-121.871841,41.697078
-121.681077,41.642982
-121.728364,41.696410
-124.685271,41.461328
-124.734860,41.513470
-124.542376,41.464158
-124.591853,41.516364
-124.399466,41.466811
-124.448831,41.519081
-124.256542,41.469287
-124.305796,41.521620
-124.113607,41.471585
-124.162747,41.523982
-123.970659,41.473706
-124.019686,41.526167
-123.827701,41.475650
-123.876615,41.528173
-123.684733,41.477416
-123.733533,41.530002
-123.541756,41.479004
-123.590443,41.531653
-123.398772,41.480415
-123.447344,41.533125
-123.255780,41.481649
-123.304237,41.534420
-123.112783,41.482704
-123.161125,41.535537
-122.969780,41.483582
-123.018007,41.536476
-122.826774,41.484282
-122.874885,41.537237
-122.683764,41.484804
-122.731759,41.537820
-122.540752,41.485149
-122.588630,41.538224
-122.397738,41.485316
-122.445500,41.538450
-122.254724,41.485305
-122.302369,41.538499
-122.111711,41.485116
-122.159238,41.538369
-121.968699,41.484749
-122.016109,41.538061
-121.825690,41.484204
-121.872981,41.537575
-121.682683,41.483482
-121.729857,41.536910
-124.679537,41.301947
-124.728995,41.354095
-124.536990,41.304761
-124.586336,41.356974
-124.394428,41.307399
-124.443663,41.359676
-124.251853,41.309861
-124.300977,41.362201
-124.109265,41.312147
-124.158278,41.364550
-123.966666,41.314256
-124.015567,41.366722
-123.824057,41.316189
-123.872845,41.368717
-123.681438,41.317945
-123.730113,41.370536
-123.538810,41.319525
-123.587372,41.372177
-123.396175,41.320928
-123.444623,41.373642
-123.253532,41.322154
-123.301866,41.374930
-123.110884,41.323204
-123.159104,41.376040
-122.968230,41.324077
-123.016336,41.376974
-122.825573,41.324773
-122.873564,41.377730
-122.682912,41.325293
-122.730788,41.378310
-122.540250,41.325635
-122.588010,41.378712
-122.397586,41.325801
-122.445230,41.378937
-122.254921,41.325790
-122.302449,41.378985
-122.112257,41.325602
-122.159669,41.378856
-121.969594,41.325237
-122.016889,41.378550
-121.826934,41.324696
-121.874112,41.378066
-121.684277,41.323977
-121.731338,41.377406
-124.673849,41.142560
-124.723176,41.194716
-124.531647,41.145359
-124.580864,41.197578
-124.389430,41.147982
-124.438537,41.200265
-124.247201,41.150430
-124.296197,41.202776
-124.104959,41.152703
-124.153844,41.205112
-123.962706,41.154801
-124.011480,41.207272
-123.820442,41.156723
-123.869104,41.209256
-123.678169,41.158469
-123.726719,41.211065
-123.535887,41.160040
-123.584325,41.212697
-123.393598,41.161436
-123.441923,41.214154
-123.251302,41.162655
-123.299514,41.215434
-123.109000,41.163699
-123.157099,41.216539
-122.966693,41.164567
-123.014679,41.217467
-122.824382,41.165260
-122.872254,41.218220
-122.682068,41.165776
-122.729825,41.218796
-122.539752,41.166117
-122.587394,41.219196
-122.397434,41.166282
-122.444962,41.219420
-122.255116,41.166271
-122.302529,41.219467
-122.112798,41.166084
-122.160096,41.219339
-121.970482,41.165721
-122.017664,41.219034
-121.828169,41.165183
-121.875234,41.218554
-121.685858,41.164468
-121.732807,41.217897
-124.668207,40.983168
-124.717404,41.035331
-124.526346,40.985951
-124.575435,41.038178
-124.384473,40.988560
-124.433451,41.040850
-124.242586,40.990995
-124.291455,41.043347
-124.100687,40.993255
-124.149446,41.045670
-123.958776,40.995341
-124.007425,41.047818
-123.816856,40.997252
-123.865394,41.049791
-123.674926,40.998989
-123.723353,41.051589
-123.532988,41.000551
-123.581303,41.053213
-123.391042,41.001939
-123.439246,41.054661
-123.249089,41.003152
-123.297181,41.055934
-123.107131,41.004190
-123.155110,41.057033
-122.965168,41.005053
-123.013034,41.057956
-122.823200,41.005741
-122.870954,41.058704
-122.681230,41.006255
-122.728870,41.059277
-122.539257,41.006594
-122.586784,41.059675
-122.397283,41.006758
-122.444696,41.059898
-122.255309,41.006747
-122.302608,41.059945
-122.113335,41.006561
-122.160519,41.059817
-121.971363,41.006201
-122.018432,41.059514
-121.829393,41.005665
-121.876347,41.059036
-121.687426,41.004955
-121.734265,41.058383
-124.662609,40.823772
-124.711678,40.875942
-124.521089,40.826539
-124.570049,40.878772
-124.379554,40.829133
-124.428407,40.881429
-124.238008,40.831554
-124.286751,40.883913
-124.096449,40.833802
-124.145083,40.886222
-123.954879,40.835876
-124.003403,40.888358
-123.813299,40.837777
-123.861713,40.890321
-123.671709,40.839504
-123.720014,40.892109
-123.530112,40.841058
-123.578306,40.893723
-123.388506,40.842437
-123.436590,40.895164
-123.246895,40.843644
-123.294867,40.896430
-123.105277,40.844676
-123.153137,40.897522
-122.963655,40.845534
-123.011403,40.898440
-122.822028,40.846219
-122.869665,40.899184
-122.680399,40.846730
-122.727923,40.899754
-122.538767,40.847067
-122.586179,40.900150
-122.397134,40.847230
-122.444433,40.900371
-122.255501,40.847219
-122.302686,40.900418
-122.113868,40.847034
-122.160940,40.900291
-121.972237,40.846675
-122.019194,40.899990
-121.830608,40.846143
-121.877451,40.899515
-121.688982,40.845437
-121.735711,40.898865
-124.610900,40.691874
-124.515873,40.667122
-124.564707,40.719362
-124.374676,40.669702
-124.423402,40.722004
-124.233466,40.672109
-124.282084,40.724473
-124.092244,40.674344
-124.140755,40.726770
-123.951012,40.676407
-123.999414,40.728894
-123.809770,40.678297
-123.858062,40.730846
-123.668518,40.680015
-123.716701,40.732624
-123.527258,40.681559
-123.575332,40.734229
-123.385991,40.682932
-123.433955,40.735662
-123.244717,40.684131
-123.292570,40.736921
-123.103438,40.685157
-123.151180,40.738007
-122.962153,40.686011
-123.009785,40.738920
-122.820865,40.686692
-122.868386,40.739660
-122.679574,40.687200
-122.726983,40.740227
-122.538281,40.687535
-122.585578,40.740620
-122.396986,40.687697
-122.444171,40.740840
-122.255691,40.687686
-122.302764,40.740887
-122.114397,40.687502
-122.161357,40.740761
-121.973104,40.687146
-122.019951,40.740461
-121.831813,40.686616
-121.878546,40.739988
-121.690525,40.685914
-121.737145,40.739342
-124.510698,40.507699
-124.559407,40.559946
-124.369836,40.510265
-124.418437,40.562573
-124.228961,40.512659
-124.277455,40.565029
-124.088074,40.514882
-124.136461,40.567313
-123.947176,40.516933
-123.995456,40.569426
-123.806269,40.518812
-123.854440,40.571366
-123.665352,40.520520
-123.713415,40.573134
-123.524428,40.522057
-123.572382,40.574731
-123.383496,40.523421
-123.431341,40.576155
-123.242557,40.524614
-123.290293,40.577407
-123.101613,40.525634
-123.149239,40.578487
-122.960664,40.526483
-123.008180,40.579395
-122.819712,40.527160
-122.867117,40.580131
-122.678756,40.527666
-122.726051,40.580695
-122.537798,40.527999
-122.584982,40.581086
-122.396839,40.528160
-122.443912,40.581305
-122.255880,40.528149
-122.302841,40.581351
-122.114921,40.527966
-122.161770,40.581226
-121.973964,40.527612
-122.020701,40.580928
-121.833008,40.527085
-121.879633,40.580458
-121.692056,40.526387
-121.738568,40.579815
-124.459557,40.375714
-124.365034,40.350823
-124.413512,40.403138
-124.224491,40.353204
-124.272863,40.405580
-124.083936,40.355414
-124.132201,40.407852
-123.943371,40.357454
-123.991529,40.409952
-123.802796,40.359323
-123.850847,40.411882
-123.662212,40.361021
-123.710155,40.413640
-123.521620,40.362549
-123.569455,40.415228
-123.381020,40.363906
-123.428747,40.416644
-123.240415,40.365092
-123.288033,40.417889
-123.099803,40.366107
-123.147313,40.418963
-122.959187,40.366951
-123.006588,40.419866
-122.818567,40.367624
-122.865858,40.420598
-122.677945,40.368127
-122.725126,40.421158
-122.537320,40.368458
-122.584391,40.421547
-122.396694,40.368618
-122.443655,40.421765
-122.256067,40.368608
-122.302917,40.421811
-122.115441,40.368426
-122.162181,40.421686
-121.974817,40.368073
-122.021445,40.421390
-121.834194,40.367550
-121.880711,40.420923
-121.693575,40.366855
-121.739980,40.420284
-123.893458,40.225190
-123.799351,40.199829
-123.847282,40.252392
-123.659096,40.201518
-123.706921,40.254141
-123.518834,40.203037
-123.566552,40.255720
-123.378565,40.204386
-123.426175,40.257128
-123.238289,40.205566
-123.285791,40.258367
-123.098008,40.206575
-123.145402,40.259435
-122.957722,40.207414
-123.005008,40.260332
-122.817432,40.208084
-122.864610,40.261060
-122.677140,40.208583
-122.724208,40.261617
-122.536845,40.208913
-122.583805,40.262004
-122.396549,40.209072
-122.443399,40.262220
-122.256253,40.209062
-122.302993,40.262267
-122.115957,40.208881
-122.162588,40.262142
-121.975663,40.208530
-122.022183,40.261848
-121.835371,40.208010
-121.881780,40.261383
-121.695082,40.207319
-121.741380,40.260748
-123.609857,40.069118
-123.516071,40.043520
-123.563671,40.096207
-123.376129,40.044862
-123.423623,40.097608
-123.236180,40.046035
-123.283568,40.098839
-123.096226,40.047039
-123.143507,40.099901
-122.956268,40.047873
-123.003441,40.100794
-122.816306,40.048539
-122.863371,40.101518
-122.676341,40.049036
-122.723298,40.102072
-122.536374,40.049363
-122.583223,40.102456
-122.396406,40.049522
-122.443146,40.102672
-122.256437,40.049511
-122.303069,40.102718
-122.116469,40.049332
-122.162991,40.102594
-121.976503,40.048983
-122.022915,40.102301
-121.836538,40.048465
-121.882841,40.101839
-121.696576,40.047778
-121.742769,40.101207
-123.327555,39.912329
-123.234088,39.886499
-123.281361,39.939308
-123.094459,39.887498
-123.141626,39.940364
-122.954826,39.888328
-123.001886,39.941252
-122.815189,39.888990
-122.862142,39.941971
-122.675549,39.889484
-122.722395,39.942522
-122.535907,39.889809
-122.582646,39.942904
-122.396264,39.889967
-122.442895,39.943118
-122.256620,39.889956
-122.303143,39.943164
-122.116977,39.889778
-122.163392,39.943041
-121.977335,39.889431
-122.023642,39.942750
-121.837696,39.888916
-121.883893,39.942290
-121.698059,39.888233
-121.744147,39.941662
-122.907177,39.755608
-122.814080,39.729436
-122.860923,39.782420
-122.674763,39.729927
-122.721499,39.782968
-122.535443,39.730251
-122.582073,39.783348
-122.396123,39.730408
-122.442646,39.783561
-122.256802,39.730397
-122.303217,39.783606
-122.117481,39.730220
-122.163789,39.783484
-121.978162,39.729875
-122.024362,39.783194
-121.838844,39.729363
-121.884937,39.782737
-121.722514,39.755400
-122.627762,39.597086
-122.534983,39.570688
-122.581505,39.623787
-122.395983,39.570844
-122.442398,39.623999
-122.256982,39.570834
-122.303291,39.624044
-122.117981,39.570657
-122.164184,39.623922
-121.978981,39.570314
-122.025077,39.623634
-121.839984,39.569805
-121.885973,39.623180
-122.349621,39.437886
-122.257160,39.411265
-122.303364,39.464477
-122.118477,39.411090
-122.164575,39.464356
-121.979795,39.410749
-122.025787,39.464070
-121.841115,39.410242
-121.887000,39.463618
-122.072747,39.278019
-121.980601,39.251179
-122.026490,39.304501
-121.865119,39.277366
